C:\Users\crist\AppData\Local\Programs\Python\Python310\python.exe "D:\ubb\university-work\1st year\Algebra\Zn2 bases\main.py" 
Enter a non-zero natural number: 3
Number of bases: 168
([0, 0, 1], [0, 1, 0], [1, 0, 0])
([0, 0, 1], [0, 1, 0], [1, 0, 1])
([0, 0, 1], [0, 1, 0], [1, 1, 0])
([0, 0, 1], [0, 1, 0], [1, 1, 1])
([0, 0, 1], [0, 1, 1], [1, 0, 0])
([0, 0, 1], [0, 1, 1], [1, 0, 1])
([0, 0, 1], [0, 1, 1], [1, 1, 0])
([0, 0, 1], [0, 1, 1], [1, 1, 1])
([0, 0, 1], [1, 0, 0], [0, 1, 0])
([0, 0, 1], [1, 0, 0], [0, 1, 1])
([0, 0, 1], [1, 0, 0], [1, 1, 0])
([0, 0, 1], [1, 0, 0], [1, 1, 1])
([0, 0, 1], [1, 0, 1], [0, 1, 0])
([0, 0, 1], [1, 0, 1], [0, 1, 1])
([0, 0, 1], [1, 0, 1], [1, 1, 0])
([0, 0, 1], [1, 0, 1], [1, 1, 1])
([0, 0, 1], [1, 1, 0], [0, 1, 0])
([0, 0, 1], [1, 1, 0], [0, 1, 1])
([0, 0, 1], [1, 1, 0], [1, 0, 0])
([0, 0, 1], [1, 1, 0], [1, 0, 1])
([0, 0, 1], [1, 1, 1], [0, 1, 0])
([0, 0, 1], [1, 1, 1], [0, 1, 1])
([0, 0, 1], [1, 1, 1], [1, 0, 0])
([0, 0, 1], [1, 1, 1], [1, 0, 1])
([0, 1, 0], [0, 0, 1], [1, 0, 0])
([0, 1, 0], [0, 0, 1], [1, 0, 1])
([0, 1, 0], [0, 0, 1], [1, 1, 0])
([0, 1, 0], [0, 0, 1], [1, 1, 1])
([0, 1, 0], [0, 1, 1], [1, 0, 0])
([0, 1, 0], [0, 1, 1], [1, 0, 1])
([0, 1, 0], [0, 1, 1], [1, 1, 0])
([0, 1, 0], [0, 1, 1], [1, 1, 1])
([0, 1, 0], [1, 0, 0], [0, 0, 1])
([0, 1, 0], [1, 0, 0], [0, 1, 1])
([0, 1, 0], [1, 0, 0], [1, 0, 1])
([0, 1, 0], [1, 0, 0], [1, 1, 1])
([0, 1, 0], [1, 0, 1], [0, 0, 1])
([0, 1, 0], [1, 0, 1], [0, 1, 1])
([0, 1, 0], [1, 0, 1], [1, 0, 0])
([0, 1, 0], [1, 0, 1], [1, 1, 0])
([0, 1, 0], [1, 1, 0], [0, 0, 1])
([0, 1, 0], [1, 1, 0], [0, 1, 1])
([0, 1, 0], [1, 1, 0], [1, 0, 1])
([0, 1, 0], [1, 1, 0], [1, 1, 1])
([0, 1, 0], [1, 1, 1], [0, 0, 1])
([0, 1, 0], [1, 1, 1], [0, 1, 1])
([0, 1, 0], [1, 1, 1], [1, 0, 0])
([0, 1, 0], [1, 1, 1], [1, 1, 0])
([0, 1, 1], [0, 0, 1], [1, 0, 0])
([0, 1, 1], [0, 0, 1], [1, 0, 1])
([0, 1, 1], [0, 0, 1], [1, 1, 0])
([0, 1, 1], [0, 0, 1], [1, 1, 1])
([0, 1, 1], [0, 1, 0], [1, 0, 0])
([0, 1, 1], [0, 1, 0], [1, 0, 1])
([0, 1, 1], [0, 1, 0], [1, 1, 0])
([0, 1, 1], [0, 1, 0], [1, 1, 1])
([0, 1, 1], [1, 0, 0], [0, 0, 1])
([0, 1, 1], [1, 0, 0], [0, 1, 0])
([0, 1, 1], [1, 0, 0], [1, 0, 1])
([0, 1, 1], [1, 0, 0], [1, 1, 0])
([0, 1, 1], [1, 0, 1], [0, 0, 1])
([0, 1, 1], [1, 0, 1], [0, 1, 0])
([0, 1, 1], [1, 0, 1], [1, 0, 0])
([0, 1, 1], [1, 0, 1], [1, 1, 1])
([0, 1, 1], [1, 1, 0], [0, 0, 1])
([0, 1, 1], [1, 1, 0], [0, 1, 0])
([0, 1, 1], [1, 1, 0], [1, 0, 0])
([0, 1, 1], [1, 1, 0], [1, 1, 1])
([0, 1, 1], [1, 1, 1], [0, 0, 1])
([0, 1, 1], [1, 1, 1], [0, 1, 0])
([0, 1, 1], [1, 1, 1], [1, 0, 1])
([0, 1, 1], [1, 1, 1], [1, 1, 0])
([1, 0, 0], [0, 0, 1], [0, 1, 0])
([1, 0, 0], [0, 0, 1], [0, 1, 1])
([1, 0, 0], [0, 0, 1], [1, 1, 0])
([1, 0, 0], [0, 0, 1], [1, 1, 1])
([1, 0, 0], [0, 1, 0], [0, 0, 1])
([1, 0, 0], [0, 1, 0], [0, 1, 1])
([1, 0, 0], [0, 1, 0], [1, 0, 1])
([1, 0, 0], [0, 1, 0], [1, 1, 1])
([1, 0, 0], [0, 1, 1], [0, 0, 1])
([1, 0, 0], [0, 1, 1], [0, 1, 0])
([1, 0, 0], [0, 1, 1], [1, 0, 1])
([1, 0, 0], [0, 1, 1], [1, 1, 0])
([1, 0, 0], [1, 0, 1], [0, 1, 0])
([1, 0, 0], [1, 0, 1], [0, 1, 1])
([1, 0, 0], [1, 0, 1], [1, 1, 0])
([1, 0, 0], [1, 0, 1], [1, 1, 1])
([1, 0, 0], [1, 1, 0], [0, 0, 1])
([1, 0, 0], [1, 1, 0], [0, 1, 1])
([1, 0, 0], [1, 1, 0], [1, 0, 1])
([1, 0, 0], [1, 1, 0], [1, 1, 1])
([1, 0, 0], [1, 1, 1], [0, 0, 1])
([1, 0, 0], [1, 1, 1], [0, 1, 0])
([1, 0, 0], [1, 1, 1], [1, 0, 1])
([1, 0, 0], [1, 1, 1], [1, 1, 0])
([1, 0, 1], [0, 0, 1], [0, 1, 0])
([1, 0, 1], [0, 0, 1], [0, 1, 1])
([1, 0, 1], [0, 0, 1], [1, 1, 0])
([1, 0, 1], [0, 0, 1], [1, 1, 1])
([1, 0, 1], [0, 1, 0], [0, 0, 1])
([1, 0, 1], [0, 1, 0], [0, 1, 1])
([1, 0, 1], [0, 1, 0], [1, 0, 0])
([1, 0, 1], [0, 1, 0], [1, 1, 0])
([1, 0, 1], [0, 1, 1], [0, 0, 1])
([1, 0, 1], [0, 1, 1], [0, 1, 0])
([1, 0, 1], [0, 1, 1], [1, 0, 0])
([1, 0, 1], [0, 1, 1], [1, 1, 1])
([1, 0, 1], [1, 0, 0], [0, 1, 0])
([1, 0, 1], [1, 0, 0], [0, 1, 1])
([1, 0, 1], [1, 0, 0], [1, 1, 0])
([1, 0, 1], [1, 0, 0], [1, 1, 1])
([1, 0, 1], [1, 1, 0], [0, 0, 1])
([1, 0, 1], [1, 1, 0], [0, 1, 0])
([1, 0, 1], [1, 1, 0], [1, 0, 0])
([1, 0, 1], [1, 1, 0], [1, 1, 1])
([1, 0, 1], [1, 1, 1], [0, 0, 1])
([1, 0, 1], [1, 1, 1], [0, 1, 1])
([1, 0, 1], [1, 1, 1], [1, 0, 0])
([1, 0, 1], [1, 1, 1], [1, 1, 0])
([1, 1, 0], [0, 0, 1], [0, 1, 0])
([1, 1, 0], [0, 0, 1], [0, 1, 1])
([1, 1, 0], [0, 0, 1], [1, 0, 0])
([1, 1, 0], [0, 0, 1], [1, 0, 1])
([1, 1, 0], [0, 1, 0], [0, 0, 1])
([1, 1, 0], [0, 1, 0], [0, 1, 1])
([1, 1, 0], [0, 1, 0], [1, 0, 1])
([1, 1, 0], [0, 1, 0], [1, 1, 1])
([1, 1, 0], [0, 1, 1], [0, 0, 1])
([1, 1, 0], [0, 1, 1], [0, 1, 0])
([1, 1, 0], [0, 1, 1], [1, 0, 0])
([1, 1, 0], [0, 1, 1], [1, 1, 1])
([1, 1, 0], [1, 0, 0], [0, 0, 1])
([1, 1, 0], [1, 0, 0], [0, 1, 1])
([1, 1, 0], [1, 0, 0], [1, 0, 1])
([1, 1, 0], [1, 0, 0], [1, 1, 1])
([1, 1, 0], [1, 0, 1], [0, 0, 1])
([1, 1, 0], [1, 0, 1], [0, 1, 0])
([1, 1, 0], [1, 0, 1], [1, 0, 0])
([1, 1, 0], [1, 0, 1], [1, 1, 1])
([1, 1, 0], [1, 1, 1], [0, 1, 0])
([1, 1, 0], [1, 1, 1], [0, 1, 1])
([1, 1, 0], [1, 1, 1], [1, 0, 0])
([1, 1, 0], [1, 1, 1], [1, 0, 1])
([1, 1, 1], [0, 0, 1], [0, 1, 0])
([1, 1, 1], [0, 0, 1], [0, 1, 1])
([1, 1, 1], [0, 0, 1], [1, 0, 0])
([1, 1, 1], [0, 0, 1], [1, 0, 1])
([1, 1, 1], [0, 1, 0], [0, 0, 1])
([1, 1, 1], [0, 1, 0], [0, 1, 1])
([1, 1, 1], [0, 1, 0], [1, 0, 0])
([1, 1, 1], [0, 1, 0], [1, 1, 0])
([1, 1, 1], [0, 1, 1], [0, 0, 1])
([1, 1, 1], [0, 1, 1], [0, 1, 0])
([1, 1, 1], [0, 1, 1], [1, 0, 1])
([1, 1, 1], [0, 1, 1], [1, 1, 0])
([1, 1, 1], [1, 0, 0], [0, 0, 1])
([1, 1, 1], [1, 0, 0], [0, 1, 0])
([1, 1, 1], [1, 0, 0], [1, 0, 1])
([1, 1, 1], [1, 0, 0], [1, 1, 0])
([1, 1, 1], [1, 0, 1], [0, 0, 1])
([1, 1, 1], [1, 0, 1], [0, 1, 1])
([1, 1, 1], [1, 0, 1], [1, 0, 0])
([1, 1, 1], [1, 0, 1], [1, 1, 0])
([1, 1, 1], [1, 1, 0], [0, 1, 0])
([1, 1, 1], [1, 1, 0], [0, 1, 1])
([1, 1, 1], [1, 1, 0], [1, 0, 0])
([1, 1, 1], [1, 1, 0], [1, 0, 1])
Number of bases: 168

Process finished with exit code 0
