200 600
(4, 22) 8
(0, 92) 4
(4, 29) 7
(2, 38) 8
(3, 72) 3
(5, 4) 6
(0, 15) 6
(3, 97) 3
(4, 71) 8
(1, 71) 9
(4, 56) 9
(2, 71) 7
(2, 30) 7
(3, 95) 9
(4, 85) 2
(1, 96) 5
(4, 35) 8
(2, 61) 6
(1, 78) 8
(4, 53) 9
(1, 30) 9
(1, 18) 8
(2, 43) 10
(2, 58) 3
(0, 23) 7
(0, 16) 7
(5, 1) 9
(1, 99) 3
(3, 47) 9
(0, 30) 1
(2, 45) 7
(3, 50) 8
(2, 40) 7
(1, 92) 9
(0, 81) 3
(0, 33) 2
(4, 70) 8
(4, 23) 4
(2, 76) 3
(2, 37) 4
(3, 92) 8
(4, 43) 8
(0, 75) 10
(3, 7) 4
(0, 61) 6
(2, 39) 2
(1, 37) 8
(0, 21) 9
(1, 15) 9
(3, 5) 9
(2, 9) 1
(4, 68) 5
(1, 91) 7
(2, 42) 5
(4, 52) 1
(3, 78) 8
(2, 74) 10
(0, 40) 3
(4, 67) 2
(5, 0) 1
(4, 97) 8
(4, 86) 5
(0, 26) 4
(4, 47) 5
(2, 35) 10
(3, 55) 4
(4, 6) 8
(1, 54) 8
(3, 10) 6
(4, 60) 8
(4, 64) 10
(1, 68) 2
(2, 60) 8
(1, 88) 10
(0, 22) 3
(2, 80) 6
(1, 28) 3
(2, 78) 7
(2, 86) 4
(1, 17) 9
(1, 69) 3
(1, 45) 7
(1, 14) 4
(3, 26) 1
(1, 36) 9
(1, 8) 9
(0, 98) 6
(0, 87) 8
(4, 42) 4
(3, 12) 5
(1, 77) 4
(2, 28) 8
(0, 94) 1
(3, 82) 1
(3, 11) 3
(2, 52) 10
(3, 59) 3
(2, 10) 10
(2, 53) 4
(4, 24) 4
(2, 69) 9
(1, 49) 1
(4, 69) 4
(3, 16) 6
(2, 95) 7
(1, 25) 6
(4, 9) 1
(1, 39) 9
(1, 76) 10
(1, 89) 7
(1, 9) 9
(4, 3) 4
(0, 90) 4
(1, 83) 1
(0, 41) 4
(2, 81) 7
(4, 14) 10
(3, 63) 1
(2, 64) 6
(0, 83) 7
(4, 39) 9
(2, 77) 1
(1, 60) 5
(1, 87) 9
(0, 99) 9
(0, 64) 5
(3, 9) 8
(4, 99) 1
(2, 29) 2
(2, 25) 3
(0, 95) 3
(4, 13) 5
(1, 44) 9
(4, 96) 8
(0, 10) 3
(2, 41) 1
(2, 14) 7
(2, 47) 7
(4, 57) 10
(2, 44) 9
(1, 86) 8
(2, 57) 2
(3, 29) 2
(0, 86) 9
(4, 37) 10
(3, 80) 9
(1, 47) 6
(3, 98) 7
(2, 16) 4
(2, 8) 9
(2, 94) 1
(0, 51) 9
(3, 18) 8
(3, 94) 8
(2, 96) 9
(0, 2) 3
(2, 70) 2
(3, 57) 2
(0, 38) 6
(4, 20) 10
(4, 0) 7
(4, 15) 2
(2, 68) 1
(4, 73) 3
(0, 19) 6
(4, 82) 3
(1, 7) 2
(0, 55) 10
(4, 95) 8
(3, 48) 9
(3, 61) 9
(4, 38) 10
(4, 55) 2
(3, 40) 8
(1, 32) 5
(3, 1) 1
(4, 88) 9
(2, 54) 7
(4, 21) 4
(1, 53) 7
(4, 90) 4
(3, 23) 3
(4, 18) 8
(2, 48) 2
(2, 49) 9
(1, 95) 3
(4, 5) 2
(4, 26) 2
(0, 79) 10
(3, 0) 10
(0, 4) 5
(1, 5) 1
(3, 53) 7
(1, 52) 4
(0, 36) 7
(1, 74) 3
(3, 56) 4
(2, 33) 5
(0, 66) 1
(2, 17) 10
(0, 45) 9
(4, 30) 2
(2, 13) 10
(4, 74) 6
(0, 1) 7
(1, 20) 3
(1, 56) 1
(3, 54) 10
(1, 97) 7
(3, 99) 4
(1, 90) 9
(0, 80) 10
(3, 87) 1
(0, 27) 5
(3, 21) 2
(3, 37) 7
(0, 88) 8
(4, 27) 1
(4, 11) 1
(0, 60) 1
(1, 50) 4
(3, 51) 9
(1, 81) 4
(0, 82) 5
(0, 54) 9
(2, 5) 10
(0, 35) 6
(1, 29) 10
(4, 34) 6
(4, 75) 10
(0, 59) 4
(2, 91) 4
(1, 57) 8
(1, 24) 4
(2, 99) 8
(4, 2) 1
(0, 76) 10
(3, 77) 1
(3, 25) 2
(2, 24) 9
(4, 10) 5
(1, 13) 2
(4, 94) 5
(2, 59) 9
(0, 78) 7
(3, 81) 3
(4, 32) 6
(1, 84) 9
(4, 89) 4
(0, 68) 1
(1, 55) 6
(0, 8) 5
(4, 87) 8
(0, 29) 2
(4, 77) 8
(1, 16) 5
(3, 90) 4
(1, 80) 10
(3, 68) 10
(1, 0) 1
(3, 67) 3
(1, 63) 4
(1, 31) 8
(1, 22) 4
(4, 16) 3
(3, 44) 4
(2, 18) 8
(0, 74) 8
(0, 47) 7
(4, 51) 5
(3, 79) 7
(4, 33) 7
(4, 31) 9
(2, 51) 7
(1, 82) 3
(2, 72) 7
(3, 27) 4
(1, 66) 5
(3, 6) 4
(2, 46) 3
(0, 72) 6
(1, 6) 9
(1, 94) 6
(2, 84) 2
(2, 97) 10
(4, 59) 8
(0, 58) 10
(3, 96) 9
(3, 89) 8
(0, 11) 3
(1, 21) 7
(0, 96) 7
(4, 12) 1
(0, 49) 6
(5, 2) 2
(0, 89) 8
(3, 83) 5
(2, 20) 5
(3, 20) 6
(1, 3) 4
(2, 22) 9
(2, 7) 7
(3, 17) 6
(4, 45) 5
(2, 23) 6
(3, 15) 9
(3, 88) 8
(0, 3) 10
(3, 74) 3
(2, 15) 2
(0, 28) 10
(1, 46) 4
(3, 34) 2
(3, 2) 5
(2, 21) 9
(4, 92) 3
(1, 61) 3
(4, 40) 10
(2, 79) 9
(2, 98) 6
(3, 36) 1
(3, 42) 6
(0, 7) 8
(1, 67) 5
(3, 84) 6
(3, 35) 6
(2, 87) 6
(2, 65) 3
(0, 43) 8
(2, 0) 9
(1, 4) 10
(3, 33) 5
(3, 76) 3
(0, 48) 10
(2, 11) 2
(5, 3) 10
(1, 42) 5
(1, 34) 10
(4, 28) 2
(2, 55) 6
(2, 56) 1
(0, 32) 6
(1, 73) 6
(4, 54) 4
(0, 62) 8
(1, 64) 8
(3, 65) 2
(2, 93) 10
(0, 65) 3
(0, 31) 1
(3, 28) 7
(1, 51) 10
(0, 12) 3
(1, 19) 7
(1, 98) 10
(3, 49) 1
(4, 62) 3
(3, 91) 5
(1, 43) 9
(1, 26) 5
(2, 85) 2
(0, 42) 5
(3, 62) 10
(1, 58) 1
(1, 59) 10
(4, 46) 9
(2, 66) 1
(3, 45) 3
(1, 10) 2
(4, 19) 5
(3, 52) 10
(1, 72) 9
(4, 7) 10
(3, 38) 6
(0, 24) 5
(2, 90) 2
(0, 69) 10
(0, 20) 9
(2, 67) 9
(4, 79) 1
(0, 17) 1
(4, 65) 4
(2, 83) 5
(1, 79) 1
(1, 33) 5
(1, 48) 4
(2, 6) 6
(4, 63) 10
(2, 19) 10
(2, 34) 7
(0, 91) 5
(3, 66) 4
(4, 72) 2
(2, 27) 10
(2, 75) 6
(3, 64) 6
(4, 36) 7
(3, 22) 6
(4, 76) 7
(2, 88) 5
(4, 41) 6
(1, 2) 6
(1, 27) 8
(3, 75) 4
(0, 63) 5
(3, 31) 7
(0, 70) 2
(3, 4) 9
(0, 6) 5
(3, 71) 3
(0, 53) 1
(0, 97) 6
(3, 85) 4
(4, 93) 2
(3, 93) 3
(1, 23) 5
(3, 41) 7
(2, 3) 10
(3, 69) 3
(1, 38) 2
(0, 13) 7
(0, 44) 1
(0, 50) 3
(2, 12) 9
(4, 83) 3
(3, 32) 4
(1, 12) 1
(2, 82) 9
(0, 18) 7
(2, 31) 10
(1, 11) 10
(1, 41) 7
(2, 4) 6
(4, 66) 9
(2, 50) 9
(1, 35) 8
(4, 98) 7
(0, 77) 4
(3, 13) 3
(0, 85) 7
(1, 62) 6
(0, 52) 5
(4, 84) 5
(0, 71) 3
(1, 65) 3
(3, 19) 10
(4, 80) 8
(3, 86) 7
(4, 81) 6
(2, 36) 6
(0, 93) 1
(3, 24) 4
(4, 17) 7
(4, 44) 8
(0, 34) 7
(4, 91) 3
(3, 73) 9
(4, 1) 6
(4, 61) 10
(3, 14) 8
(3, 30) 5
(3, 70) 3
(4, 49) 4
(0, 5) 9
(2, 62) 10
(0, 56) 7
(4, 58) 8
(3, 60) 3
(4, 8) 1
(2, 89) 9
(1, 85) 3
(0, 14) 7
(3, 46) 9
(2, 32) 2
(0, 37) 6
(3, 39) 9
(0, 73) 1
(0, 67) 2
(2, 1) 9
(1, 70) 8
(0, 39) 3
(3, 43) 7
(3, 8) 7
(1, 75) 2
(3, 58) 7
(4, 25) 4
(4, 50) 7
(0, 57) 4
(0, 25) 10
(2, 92) 3
(4, 78) 1
(2, 73) 10
(0, 9) 3
(1, 40) 5
(1, 93) 2
(0, 46) 1
(4, 48) 9
(2, 63) 7
(2, 26) 9
(0, 84) 9
